i=0
          1.27000153098E-12
               -7.691234564
               -26.08023696
               -168.1706546
                64.23285504
i=5
               -118.9646225
                 4.16711732
                 20.9750676
                 1000000000
                          6
i=10
                      647.3
                      22.12
                     273.15
                        170
                     374.15
i=15
                       0.25
                        350
                15.74373327
               -34.17061978
                19.31380707
i=20
                38.62761414
            16.535124055884
      -8.70859862887656E-06
      -1.59289020261375E-06
          2.66856290688E-06
i=25
               -542.2063673
               -20966.66205
                6824.687741
                78825.73574
               -39412.86787
i=30
              -201998.33217
               134665.55478
               396095.24112
              -297071.43084
                -546955.887
i=35
                437564.7096
               515450.50002
              -429542.08335
              -315781.81194
               270670.12452
i=40
               113451.11408
               -99269.72482
              -18155.440017
               16138.168904
               0.8438375405
i=45
            0.0005362162162
                       1.72
                 0.65371543
                   1.15E-06
                 1.5108E-05
i=50
                    0.14188
                7.002753165
            0.0002995284926
                      0.204
                    0.00317
i=55
                    70.1204
               0.1083275143
               245.75396746
             -0.02616571843
              0.00152241179
i=60
              0.02284279054
                242.1647003
            1.269716088E-10
            2.074838328E-07
             2.17402035E-08
i=65
            1.105710498E-09
            1.308119072E-05
          0.294117647058824
               -1.687675081
            0.0032172972972
i=70
             -0.14684556978
               0.0995171774
          0.397207523623688
              4.3480407E-08
            3.317131494E-09
i=75
               -38.80325802
        0.00387422712756649
            3.924357216E-05
           2.4190505352E-13
          0.586111530203261
i=80
           3.32612196541667
              5.74753875624
             -0.04568558108
                2421.647003
           2.4124605672E-09
i=85
           33.0324374872656
                258.6883868
           1.2095252676E-12
           4.67950952375862
           11.3088146824167
i=90
               2179.4823027
           158.306801187436
            2.539432176E-09
           1.4601735012E-16
           31.1973020713064
i=95
                4.260321148
               0.3460208861
        -0.0257505878244542
                193.6587558
               2130.2463138
i=100
            3.8014386954874
               -1388.522425
              -15273.746675
              0.76333333333
                4126.607219
i=105
               45392.679409
              1.52666666666
               -6508.211677
              -71590.328447
              2.28999999999
i=110
                5745.984054
               63205.824594
              3.05333333332
               -2693.088365
              -29623.972015
i=115
              3.81666666665
                523.5718623
               5759.2904853
              4.57999999998
               0.4006073948
i=120
           4.28115769241064
              0.08636081627
            1.2525197052971
              -0.8532322921
          -35.1702350802084
i=125
          0.661923636926643
              0.06670375918
               0.2075021122
              9.92333333329
           3.18077290427611
i=130
                1.388983801
                1.037510561
              -0.4330662834
           1.15280033466217
              0.08390104328
i=135
              0.16780208656
             13.73999999994
         0.0399173089662924
              0.02614670893
              0.05229341786
i=140
               1.3095423394
           6.21174257406887
               0.4520918904
               1.3562756712
             -0.25695546174
i=145
          0.816031282016437
               0.1069036614
               0.3207109842
               7.6333333333
          -11.4029342158085
i=150
              -0.5975336707
              -2.3901346828
             19.08333333325
         -0.945506659583338
             -0.08847535804
i=155
             -0.35390143216
             10.68666666662
           14.5535340635204
               0.5958051609
               2.9790258045
i=160
             24.42666666656
          -11.0271510758438
              -0.5159303373
              -2.5796516865
             21.37333333324
i=165
              9.15999999996
               0.1190610271
               0.4762441084
              8.39666666663
             -0.09867174132
i=170
             -0.39468696528
             18.31999999992
               0.1683998803
               0.8419994015
             -0.03373439453
i=175
             -0.05809438001
             -0.29047190005
             -0.06746878906
             0.006552390126
             0.039314340756
i=180
           7.13149046248986
            0.0005710218649
            0.0034261311894
               -54.38923329
               0.8661325668
i=185
              -1.9643135091
              0.34260728232
                28.56067796
                16.83599274
                 4.77225856
i=190
               -0.025320604
                        370
                   3.519949
                -0.02911497
               8.093968E-05
i=195
              -7.547566E-08
                   9.580408
                -0.05167262
               6.969109E-05
                  -1.830721
i=200
                 0.01551127
              -4.380645E-05
               4.127818E-08
                          0
              -0.0169470576
i=205
               0.1747163151
              -0.6567204352
                0.813752541
                 1.33882851
                 -5.7324794
i=210
                 8.41678828
                -8.30421114
                 8.40921504
                -7.77175039
                4.311577033
i=215
                0.017226042
                0.313761591
               -3.975460172
                16.21312266
                -24.0778008
i=220
                 12.3679455
                 7.74743016
               -0.708636085
            -0.002545369925
              -0.0627523182
i=225
                0.993865043
                -5.40437422
                 12.0389004
                     0.0002
           -210.63633040711
i=230
             -0.01864176336
                0.194129239
              -0.7388104896
                0.930002904
                1.561966595
i=235
              -6.9417275982
               11.514850393
               -16.47665574
                24.65272296
               -27.91144628
i=240
          -213.164663675599
                3.435853127
                1.949286948
                -8.32844675
                 6.22185304
i=245
                12.12517377
                -28.3238626
                 43.1430538
                -29.3655325
                 4.29885092
i=250
               -0.324881158
                 1.66568935
                -1.55546326
                -4.04172459
                 14.1619313
i=255
                      1E-06
               -0.649762316
                3.645140291
               -7.086386692
                 8.12967348
i=260
                  4.2460618
                -73.9181621
              -202.88890184
                7.889065755
               -4.372236528
i=265
                14.85018444
                 6.58304772
                  -63.08032
                30.07583816
                107.5909551
i=270
                -167.230676
                 80.8859747
                -8.32875413
            -7.94841842E-06
                1.639588698
i=275
                -6.36436476
                -3.29152386
                     0.0018
               -22.55687862
            -0.002310036618
i=280
                 250.846014
               -242.6579241
           -2.384525526E-05
               -24.98626239
                -1.66711807
i=285
                 31.1854346
               -17.89048884
               -99.50750592
                236.6840827
                 -58.731065
i=290
           8.59767799474474
               -54.35179489
               -16.65750826
               -3.279177396
                 10.6072746
i=295
                 4.38869848
                 -37.848192
                15.03791908
                 35.8636517
            6.347350848E-05
i=300
            6.623322624E-05
             -0.01425407158
            -0.014763145565
             2.75971776E-06
            -0.000509073985
i=305
                -210.636332
               0.3317361201
               -1.401819573
                2.218242852
               -1.557849282
i=310
              0.40968522078
               -1.298207735
                1.478828568
              -0.7009097865
              0.16586806005
i=315
               -0.467273191
                0.369707142
             -0.06828087013
              -394341.42852
               564284.51456
i=320
               -318004.1641
                87740.14188
                -11785.4811
                 720.815828
               -66.62169624
i=325
                 303.756743
                257.1600553
                151.8783715
               -22.20723208
                 180.203957
i=330
                -2357.09622
                14623.35698
                -45429.1663
                70535.56432
               -43815.71428
i=335
               0.1105787067
               0.9626911787
               -3.903070839
                3.435233494
                5.204094452
i=340
               -5.152850241
                5.285555486
               -3.526389875
              -10.571110972
               10.579169625
i=345
               -2.642777743
             0.001236521258
               -1.996765362
                7.987061448
               -8.072698119
i=350
                3.993530724
               -5.381798746
               0.9070982605
              -2.6646228052
               2.7212947815
i=355
              -1.9984671039
              0.08270860589
              -0.2277582312
              0.33083442356
              -0.3416373468
i=360
              -0.4555164624
             0.036960585888
            -0.039568680256
             0.010965323312
            0.0106226569585
i=365
             0.038115604197
                     647.27
                   0.003147
                 -0.0036744
                  0.0105287
i=370
                  0.0177624
                  0.0181583
                   0.501938
                   0.235622
                  -0.274637
i=375
                   0.145831
                 -0.0270448
                   0.162888
                   0.789393
                  -0.743539
i=380
                   0.263129
                 -0.0253093
                  -0.130356
                   0.673665
                  -0.959456
i=385
                   0.347247
                 -0.0267758
                   0.907919
                   1.207552
                  -0.687343
i=390
                   0.213486
                 -0.0822904
                  -0.551119
                  0.0670665
                  -0.497089
i=395
                   0.100754
                  0.0602253
                   0.146543
                  -0.084337
                   0.195286
i=400
                  -0.032932
                 -0.0202595
                -0.00422464
                  0.0156146
                  0.0299621
i=405
                  0.0102811
                   -0.39707
                   0.400302
                       1.06
                  -0.171587
i=410
                    2.39219
                   0.642857
                   -4.11717
                   -6.17937
                 0.00308976
i=415
                  0.0822994
                    10.0932
                  0.0701309
                   0.011852
                 0.00169937
i=420
                      -1.02
                      317.7
